-72637.97232805306
-65721.66944845038
-62215.608570433345
-60316.98767834323
-59208.98922969942
-58520.56938076702
-58062.44314117856
-57736.634342846446
-57492.13557930122
-57301.36512954517
-57148.184083728134
-57022.45988634859
-56917.482315576424
-56828.60563031399
-56752.488570079746
-56686.65190834715
-56629.210541360386
-56578.70497213568
-56533.991244753255
-56494.16519111474
-56458.50604992345
-56426.43171141131
-56397.46365764798
-56371.201638608414
-56347.30669750695
-56325.489776168244
-56305.5034110227
-56287.13509285521
-56270.20169500545
-56254.54476575932
-56240.02660233145
-56226.52703504542
-56213.94082893972
-56202.175589720275
-56191.150056892264
-56180.79268070715
-56171.04040394445
-56161.83759517444
-56153.13510120787
-56144.88940102135
-56137.06185221408
-56129.61802532562
-56122.52712249804
-56115.761476363026
-56109.29612352642
-56103.10844552654
-56097.17786902613
-56091.48561642526
-56086.014498227116
-56080.748739028866
-56075.67383006152
-56070.77640252787
-56066.04411752014
-56061.46556998893
-56057.03020577828
-56052.72825219999
-56048.55066358358
-56044.48908376402
-56040.53582724593
-56036.683879694174
-56032.926916036646
-56029.259331076064
-56025.676273078956
-56022.1736670285
-56018.74821258601
-56015.39734453794
-56012.119150827915
-56008.91225349023
-56005.77566702881
-56002.70865348958
-55999.71059215517
-55996.78087602496
-55993.918839822334
-55991.12371797377
-55988.39462705462
-55985.73056565886
-55983.13042485988
-55980.59300355479
-55978.11702453376
-55975.7011485861
-55973.34398531629
-55971.04410042305
-55968.80001993201
-55966.61023241315
-55964.4731903472
-55962.38731172636
-55960.35098272545
-55958.362561906055
-55956.42038604257
-55954.52277741977
-55952.66805228068
-55950.854530043056
-55949.0805429573
-55947.344445917835
-55945.644626219255
-55943.979513084596
-55942.34758681542
-55940.74738737992
-55939.177522286656
-55937.63667352164
2126 1434 832 608
