-72808.29781673664
-64735.21930028543
-61086.636897454904
-59420.50808968814
-58563.51134166795
-58058.01272047679
-57723.10359024722
-57480.66959951752
-57293.77556981442
-57143.4043588855
-57018.92333852927
-56913.869947397136
-56823.98091465294
-56746.25166242565
-56678.46599893884
-56618.93413818309
-56566.331839934544
-56519.59782365655
-56477.867390757805
-56440.42809457272
-56406.68849659002
-56376.1548131022
-56348.41262273329
-56323.11214615216
-56299.95633385581
-56278.69133275455
-56259.098975179404
-56240.99089931209
-56224.203909227275
-56208.596251753355
-56194.04458165868
-56180.44146257616
-56167.69329759466
-56155.71860713449
-56144.44657966377
-56133.815818911666
-56123.77320830465
-56114.27282340687
-56105.27485611596
-56096.74456346303
-56088.65129350131
-56080.96764736503
-56073.6688112378
-56066.73205638403
-56060.13638055771
-56053.86225574473
-56047.89145032446
-56042.20690106407
-56036.792617603256
-56031.633607643234
-56026.715814966614
-56022.02606498993
-56017.55201437802
-56013.28210257403
-56009.20550412227
-56005.31208139563
-56001.59233787681
-55998.037372466555
-55994.63883537915
-55991.38888619624
-55988.280154495194
-55985.3057033388
-55982.45899570355
-55979.733863824746
-55977.12448130489
-55974.62533777575
-55972.23121589314
-55969.93717042907
-55967.73850926764
-55965.63077611399
-55963.60973478176
-55961.67135492471
-55959.81179910965
-55958.027411110925
-55956.31470535039
-55954.67035734527
-55953.09119506492
-55951.57419107148
-55950.11645531832
-55948.71522849079
-55947.36787577902
-55946.071880976466
-55944.82484084177
-55943.62445964321
-55942.46854387299
-55941.35499709188
-55940.28181491328
-55939.24708013175
-55938.24895801209
-55937.2856917669
-55936.355598233546
-55935.45706377521
-55934.588540423705
-55933.7485422575
-55932.935642044446
-55932.14846810444
-55931.38570143351
-55930.646073042495
-55929.92836149121
-55929.23139063658
