-73241.18456811964
-65187.59687609608
-61196.70378962447
-59436.06641300363
-58529.29176618779
-57989.61365465744
-57632.52538461052
-57377.53233508811
-57185.13593380278
-57033.90502018273
-56911.21051588179
-56809.168827960915
-56722.63929357267
-56648.14044102634
-56583.23963222026
-56526.19897682361
-56475.740442425034
-56430.874775726974
-56390.802448616596
-56354.86444776705
-56322.51097451469
-56293.27856182646
-56266.77374158955
-56242.66114452491
-56220.65422820301
-56200.50767455045
-56182.011029921996
-56164.98335709424
-56149.26872785757
-56134.73241416428
-56121.25766178438
-56108.74295309462
-56097.09968323388
-56086.25018657277
-56076.12606005758
-56066.66673680377
-56057.81826768542
-56049.532269402844
-56041.76499312566
-56034.47645537118
-56027.62954810814
-56021.189008917056
-56015.12012745251
-56009.387353747596
-56003.95454376062
-55998.79267151658
-55993.898360256724
-55989.294213648056
-55984.98953027872
-55980.96591960384
-55977.19691564428
-55973.65920153694
-55970.33369383676
-55967.204401846946
-55964.25744306047
-55961.480432072436
-55958.86211878364
-55956.39216811619
-55954.06101811043
-55951.859782169384
-55949.78017703285
-55947.8144664046
-55945.95541454366
-55944.19624663287
-55942.53061398761
-55940.952563080384
-55939.456507678544
-55938.03720375127
-55936.689726868404
-55935.409451884734
-55934.19203470813
-55933.03339591248
-55931.92970594955
-55930.87737168485
-55929.87302398312
-55928.9135061197
-55927.995862794654
-55927.11732961351
-55926.275322929185
-55925.46742997608
-55924.69139929414
-55923.945131427
-55923.22666992158
-55922.53419264926
-55921.866003461735
-55921.22052422972
-55920.596287241446
-55919.99192799518
-55919.40617839115
-55918.83786030029
-55918.2858795222
-55917.74922011645
-55917.22693908904
-55916.71816142932
-55916.222075467536
-55915.737928548464
-55915.26502299099
-55914.80271231968
-55914.35039774861
-55913.907524904134
2121 1441 825 613