-71987.57280744021
-64390.169781925055
-60961.026673003274
-59409.53377090237
-58594.38236941909
-58094.828544182994
-57752.86941692965
-57501.44855271088
-57307.92867221093
-57154.10513105955
-57028.77251972607
-56924.616519008516
-56836.656518643
-56761.37381550357
-56696.19866583018
-56639.20299419399
-56588.91322403303
-56544.1879568281
-56504.12869939889
-56468.01443093864
-56435.258540373165
-56405.38121794262
-56377.98927992338
-56352.75964627851
-56329.425559838026
-56307.765322122876
-56287.59328270593
-56268.75273499881
-56251.110355908364
-56234.55186182045
-56218.97861040417
-56204.304934474596
-56190.456039778815
-56177.36633262639
-56164.97806969856
-56153.2402452439
-56142.10765174881
-56131.54006946948
-56121.5015566771
-56111.95982528977
-56102.885694641525
-56094.252619771345
-56086.03629079036
-56078.21429813518
-56070.76585662042
-56063.67157982367
-56056.91329614513
-56050.473898278855
-56044.33721875226
-56038.487925242414
-56032.911430756154
-56027.5938155698
-56022.521759866955
-56017.68248785123
-56013.063725030326
-56008.65366992567
-56004.440979926585
-56000.414769132054
-55996.56461448087
-55992.88056588956
-55989.35315639686
-55985.97340925886
-55982.73284002382
-55979.62345277594
-55976.63773060715
-55973.76862100282
-55971.009517238876
-55968.3542369731
-55965.79699924832
-55963.33240089701
-55960.95539315177
-55958.66125897181
-55956.445591389755
-55954.304272988506
-55952.23345651699
-55950.229546552095
-55948.28918213148
-55946.40922028315
-55944.58672035127
-55942.8189291342
-55941.1032667741
-55939.437313427356
-55937.81879672434
-55936.245580023235
-55934.71565148802
-55933.22711398624
-55931.77817582009
-55930.36714227614
-55928.99240798823
-55927.65245009074
-55926.34582212926
-55925.07114870702
-55923.827120811715
-55922.61249178535
-55921.42607388631
-55920.26673537934
-55919.13339809801
-55918.025035415456
-55916.94067054628
-55915.87937512634
