-72845.79503136576
-64716.17343798092
-61119.50514068564
-59565.532008599446
-58779.03761859203
-58305.29965983407
-57976.779756441276
-57725.159713520574
-57519.73131271065
-57345.50183394979
-57194.66968549885
-57062.82267632037
-56947.126110536505
-56845.47114494142
-56756.09240183916
-56677.42994253977
-56608.10596420661
-56546.92387583906
-56492.84834927214
-56444.97410483302
-56402.50334472436
-56364.73524982805
-56331.059826897086
-56300.95061365557
-56273.95546743079
-56249.68662339034
-56227.81118331585
-56208.04263949647
-56190.13360270067
-56173.86968812563
-56159.06443615165
-56145.555123881786
-56133.19932151387
-56121.87205562656
-56111.46345777364
-56101.87679812011
-56093.026825026216
-56084.83834918188
-56077.245023908064
-56070.18828311993
-56063.61640644837
-56057.4836885228
-56051.749696213454
-56046.37860337945
-56041.33859672822
-56036.60134870062
-56032.141554143884
-56027.93652735306
-56023.965855254006
-56020.21110156331
-56016.6555560268
-56013.284022544714
-56010.0826401824
-56007.038731647015
-56004.14067449113
-56001.37779115786
-55998.74025459478
-55996.21900690184
-55993.80568892458
-55991.492579148646
-55989.27254057092
-55987.138974464775
-55985.08578013517
-55983.10731988499
-55981.19838849883
-55979.35418661206
-55977.57029735627
-55975.8426656999
-55974.1675798949
-55972.54165447062
-55970.961814204406
-55969.42527854562
-55967.92954602957
-55966.472378265615
-55965.05178322872
-55963.665997662654
-55962.31346858214
-55960.9928339405
-55959.702902696954
-55958.44263456795
-55957.21111982393
-55956.007559526755
-55954.83124656658
-55953.68154787337
-55952.55788807736
-55951.45973487405
-55950.38658624514
-55949.33795964205
-55948.31338313928
-55947.31238852344
-55946.33450620792
-55945.37926180027
-55944.44617415513
-55943.534754655586
-55942.64450751657
-55941.77493086958
-55940.92551839232
-55940.095761319884
-55939.28515063882
-55938.49317933812
